wheelbase: 0.32385
trackWidth: 0.2032
vehicleLength: 0.5842
vehicleWidth: 0.2794
maxSteeringAngle: 0.436332
minTurningRadius: 0.7112